0.91706 25.498 89.276
1.5168 26.551 89.457
2.1014 27.594 89.632
2.6658 28.649 89.811
3.2783 29.687 89.992
3.8237 30.712 90.168
4.3554 31.745 90.347
4.8751 32.778 90.525
5.3838 33.805 90.701
5.8821 34.823 90.877
6.3707 35.856 91.055
6.8506 36.878 91.231
7.3221 37.89 91.402
7.7862 38.913 91.578
8.2439 39.943 91.757
8.6912 40.956 91.93
9.193 41.983 92.106
9.6336 43.008 92.284
10.072 44.028 92.458
10.508 45.051 92.631
10.902 46.078 92.805
11.327 47.114 92.981
11.705 48.144 93.154
12.107 49.174 93.33
12.515 50.212 93.503
12.871 51.24 93.674
13.238 52.285 93.848
13.606 53.326 94.021
13.979 54.366 94.192
14.361 55.419 94.36
14.7 56.467 94.528
15.095 57.52 94.694
15.451 58.568 94.86
15.819 59.627 95.023
16.199 60.687 95.184
16.572 61.748 95.344
16.956 62.809 95.5
17.353 63.875 95.648
17.76 64.948 95.796
18.165 66.014 95.941
18.578 67.083 96.081
19.005 68.149 96.212
19.44 69.222 96.336
19.897 70.301 96.454
20.379 71.369 96.566
20.891 72.44 96.668
21.398 73.511 96.76
21.91 74.582 96.844
22.48 75.653 96.915
23.057 76.717 96.974
23.648 77.783 97.022
24.292 78.846 97.053
24.945 79.899 97.071
25.617 80.95 97.073
26.339 81.993 97.056
27.084 83.033 97.022
27.854 84.071 96.969
28.657 85.096 96.895
29.488 86.111 96.801
30.358 87.121 96.686
31.245 88.118 96.546
32.189 89.11 96.385
33.158 90.086 96.199
34.147 91.053 95.99
35.177 92.001 95.75
36.23 92.945 95.49
37.314 93.873 95.197
38.431 94.783 94.88
39.576 95.681 94.539
40.741 96.563 94.172
41.948 97.43 93.774
43.172 98.282 93.353
44.411 99.118 92.902
45.678 99.937 92.427
46.966 100.74 91.922
48.274 101.53 91.4
49.605 102.3 90.851
50.936 103.05 90.275
52.298 103.78 89.678
53.67 104.5 89.064
55.06 105.21 88.424
56.454 105.89 87.763
57.862 106.57 87.088
59.277 107.22 86.394
60.703 107.87 85.68
62.133 108.5 84.956
63.579 109.12 84.214
65.033 109.72 83.456
66.481 110.31 82.689
67.942 110.89 81.914
69.401 111.46 81.126
70.875 112.02 80.328
72.344 112.57 79.522
73.822 113.11 78.716
75.296 113.64 77.9
76.778 114.16 77.071
78.267 114.68 76.248
79.751 115.19 75.414
81.243 115.69 74.58
82.735 116.19 73.746
84.234 116.68 72.902
85.731 117.17 72.068
87.233 117.65 71.227
88.737 118.13 70.388
90.242 118.6 69.541
91.757 119.08 68.705
93.271 119.55 67.866
94.786 120.01 67.024
96.311 120.48 66.19
97.838 120.94 65.351
99.368 121.4 64.525
100.91 121.86 63.691
102.45 122.32 62.87
104 122.78 62.047
105.56 123.24 61.231
107.12 123.7 60.427
108.7 124.15 59.614
110.28 124.61 58.818
111.87 125.07 58.028
113.47 125.53 57.237
115.09 125.99 56.47
116.71 126.45 55.707
118.35 126.91 54.953
120 127.37 54.213
121.67 127.84 53.486
123.35 128.3 52.782
125.05 128.77 52.091
126.77 129.24 51.411
128.5 129.71 50.76
130.25 130.18 50.143
132.03 130.65 49.547
133.82 131.13 48.97
135.64 131.6 48.435
137.48 132.08 47.943
139.34 132.56 47.478
141.22 133.04 47.055
143.13 133.52 46.678
145.06 134 46.351
147.01 134.48 46.081
148.98 134.96 45.867
150.98 135.44 45.711
152.99 135.92 45.62
155.03 136.39 45.589
157.08 136.87 45.627
159.15 137.34 45.732
161.24 137.81 45.91
163.34 138.28 46.16
165.45 138.74 46.486
167.57 139.2 46.892
169.7 139.65 47.379
171.84 140.1 47.932
173.98 140.54 48.549
176.12 140.98 49.251
178.27 141.42 50.023
180.41 141.84 50.857
182.55 142.26 51.77
184.68 142.68 52.749
186.8 143.09 53.779
188.91 143.5 54.873
191.01 143.9 56.034
193.1 144.3 57.237
195.18 144.69 58.505
197.23 145.08 59.828
199.27 145.47 61.187
201.3 145.86 62.597
203.3 146.25 64.061
205.28 146.63 65.558
207.24 147.02 67.101
209.17 147.4 68.684
211.08 147.8 70.306
212.97 148.19 71.964
214.82 148.58 73.657
216.65 148.99 75.386
218.45 149.4 77.148
220.21 149.81 78.953
221.94 150.23 80.781
223.64 150.67 82.64
225.3 151.11 84.532
226.92 151.56 86.458
228.5 152.02 88.403
230.03 152.49 90.377
231.52 152.97 92.376
232.97 153.47 94.398
234.37 153.97 96.444
235.71 154.49 98.504
237.01 155.02 100.59
238.25 155.56 102.69
239.45 156.11 104.8
240.58 156.67 106.92
241.66 157.25 109.06
242.69 157.84 111.2
243.66 158.43 113.36
244.57 159.04 115.51
245.43 159.66 117.67
246.23 160.28 119.83
246.98 160.91 121.98
247.68 161.55 124.14
248.32 162.2 126.3
248.92 162.85 128.45
249.47 163.51 130.6
249.97 164.17 132.75
250.42 164.84 134.89
250.84 165.52 137.02
251.21 166.2 139.15
251.54 166.87 141.27
251.84 167.56 143.39
252.11 168.25 145.5
252.34 168.94 147.61
252.54 169.63 149.71
252.72 170.32 151.81
252.87 171.02 153.9
253 171.72 155.99
253.11 172.42 158.08
253.2 173.12 160.16
253.27 173.82 162.24
253.32 174.53 164.32
253.37 175.24 166.4
253.39 175.94 168.48
253.41 176.66 170.56
253.41 177.37 172.65
253.41 178.08 174.73
253.4 178.79 176.81
253.38 179.51 178.9
253.35 180.23 180.99
253.32 180.95 183.08
253.28 181.66 185.17
253.23 182.39 187.27
253.18 183.11 189.38
253.13 183.83 191.48
253.07 184.56 193.59
253.02 185.29 195.7
252.95 186.02 197.82
252.89 186.75 199.95
252.81 187.49 202.07
252.74 188.22 204.21
252.67 188.96 206.35
252.59 189.7 208.49
252.51 190.44 210.64
252.42 191.18 212.79
252.34 191.93 214.94
252.25 192.67 217.1
252.15 193.42 219.27
252.05 194.17 221.44
251.95 194.92 223.61
251.84 195.67 225.79
251.73 196.42 227.98
251.62 197.18 230.16
251.49 197.94 232.36
251.37 198.69 234.55
251.23 199.45 236.75
251.09 200.21 238.96
250.95 200.98 241.16
250.79 201.74 243.37
250.63 202.5 245.59
250.46 203.27 247.81
250.29 204.04 250.03
